$ANSIBLE_VAULT;1.1;AES256
64653461366264393530333831376565656236623065636234643335386337316338636335633832
3730653234336633346264303738643664393566373866360a663131343430616238363034643535
62346364336635393837333265313430633732383136366237363331376333383365323737303764
6361646530303965650a653633373961656638333932326138376361303435613561333733626332
65663138383938346134393431636136653832666136393561373630613265313465396239623437
32633861396330373938333931326130366338666531343961306464623765356138623565663833
37376132303133343332653536336262313533356465653764663830396538323836383266353233
39353334353233376236303232333430353038613138373738326137303936333935383566346662
66363161396333323736326532373162646234326533303164346664353964653035333166386539
63326631306437306332373232383162336438623737373335383038393163663133626236643438
30663065643936386636393063613164646666646431343766393739353630323163393966373663
66346538623334353336336637333032613661353432656365636265663830636433636162373762
64343335376265376664373061386131613064333065633238376435306330663731666332626433
34663963393837363765366533343764346138396564313133306236353161383433336230393065
31306330356664313062376266656635383736636265653261626562336235663835656137636335
30653931313230333130373539326134616130343435373661353664303539363931656235353634
36663866646436666163636134303062356162303336333731613561313935643130323266663261
63646338616464376136303963396261323861336639633138653134303135313230623233373864
61646230323165306432653964393530653637373138643731656561333030366339386634353938
33666364343634356465393266316232666665666231366262626630626539306638616238393164
64396436646164316361633537633361623535636562646463343366346235663661373563366665
32313361636664393830363130663932366664363363316432643034666337386637326566313866
64643161656662613731373866316235313565383030643233613336616235323265613336333530
66376534653233326164396534376634333534623738623235363738336137613435346530376237
35313162633535326635333061653362316461393962383262623331303463643931363437623763
3733373339353930343637643964363531653561656633323861
